1.7732971962556696 0.79927992 0.25773815925006865 0.11206944098388509 1.773291235815706 89.15607992
14.330081805573226 109.58514775598864 2.5130633103596756 19.810571206699315 8.072510672049395 105.81774076807514
16.946846237924653 211.7043671239341 3.0865698952105873 36.88379464889521 5.047339475347025 98.6426404701506
14.732246008154998 235.11142004624858 5.075207958667976 56.58106722528141 2.5890602869271957 58.80012786383678
11.062074937548113 202.85103253245535 8.80199593208839 92.66258346101868 1.7671171959958991 37.58291378039299
6.936832631968101 146.42702416450337 13.83429590617059 156.09154830134125 1.6263954132264096 27.143320505606628
4.186753122683222 96.12043844564688 17.261140102422935 218.59308254604878 2.3139168833534 28.16648215813294
2.32038729920909 54.60343206974756 16.927479782542484 255.72705895078568 4.96176148727791 49.07704222795569
1.6512214177461961 37.12575293067395 13.52860857379578 238.59844265438622 8.378997266715222 83.00430874226089
1.36999205776155 23.58941018640088 7.47679628481291 162.26493249952955 14.9904019351056 167.74443579316542
1.8917639083683602 23.529246093436925 4.540652801972372 107.14947622830152 18.57585372227035 232.41490371183264
4.0236519659765175 39.174051672673585 2.5224762401147256 61.47803738789606 19.1091295572605 278.16993659363385
8.328611995390073 80.59971519748 1.5602157166921289 36.32118353949474 14.726761954859333 260.69764219565485
14.979827829523641 164.51339945229319 1.2256159567895362 22.365398832519695 8.283836225393168 180.18179068717785
18.915953639039348 232.37708391497873 1.5982177222116136 20.881042904699267 5.033246389720291 119.60969583633097
20.29237727176412 287.0755052032694 3.370378480674475 32.90026088982073 2.7609209702777546 68.32383371492169
16.7597779147661 283.0610758964097 7.064056045627377 66.57971439566943 1.6848226204238848 40.65358261578002
10.169438188873446 212.20463163672693 13.329119243612276 139.8870059068426 1.1836560175818325 24.136486655990694
5.155388896995277 123.2725190344363 19.19676188229149 235.28266195543887 1.5113749034147417 19.906175606069436
2.795538823054659 69.66482087854375 20.739083545025217 292.3296883839282 3.2332951526385543 31.396221128768783
1.7127292301975683 41.75602379999089 17.384729628804738 290.5100139692837 6.7763519619188175 63.3538520155721
1.1805491056638815 24.897729928142112 10.914388519362962 224.33493601643968 12.757166193656973 131.78378906494495
1.2359323611205049 19.397483927382353 6.639996760566975 153.7017131446424 17.606789175441733 204.4223501315307
2.377673265393515 24.74698289050332 3.455191659531289 85.7657535951647 20.930880881937384 280.20377117193067
5.032584712460986 46.63764458733811 2.069886069130074 51.476516859591435 19.468119892464312 301.31259704443755
11.91190985866014 120.67154314178292 1.2068212311464164 26.35736925555353 11.83275897272798 237.54217814564282
16.929098881704494 192.68394967567954 1.177463340506009 19.661444688938037 7.273273619755954 165.92683030580042
20.863565893064766 274.7664227253652 2.141635168780366 23.033269305316516 3.719204241586966 92.07614452821021
19.9793100609199 302.63136342747623 4.575644337591051 42.49775675575055 2.2018909743978012 54.972255072875505
14.718261220712858 270.8334172901545 9.241684108296381 89.02803951224438 1.392097302282646 32.71172361341862
